sample	chrom	start	end	probes	total_cn	acn	bcn	ploidy	purity
ISMMS01	1	13313	35030762	1207	2	1	1	2.01	0.89
ISMMS01	1	35093880	37255925	35	0	0	0	2.01	0.89
ISMMS01	1	37475628	40771606	85	2	1	1	2.01	0.89
ISMMS01	1	40784307	43145310	60	1	1	0	2.01	0.89
ISMMS01	1	43147944	45623978	27	2	1	1	2.01	0.89
ISMMS01	1	81994016	98046315	204	2	1	1	2.01	0.89
ISMMS01	1	112541055	113450553	23	2	1	1	2.01	0.89
ISMMS01	1	119415434	150159098	67	2	1	1	2.01	0.89
ISMMS01	1	150159549	151326411	85	1	1	0	2.01	0.89
ISMMS01	1	151341903	190455008	866	2	1	1	2.01	0.89
ISMMS01	1	194189046	202349188	148	2	1	1	2.01	0.89
ISMMS01	1	202416753	204251904	84	1	1	0	2.01	0.89
ISMMS01	1	204255727	207182629	99	2	1	1	2.01	0.89
ISMMS01	1	207321675	208142460	35	1	1	0	2.01	0.89
ISMMS01	1	208210165	248858519	656	2	1	1	2.01	0.89
ISMMS01	2	41463	8877258	78	2	1	1	2.01	0.89
ISMMS01	2	8882461	10043672	38	1	1	0	2.01	0.89
ISMMS01	2	10043958	73292634	974	2	1	1	2.01	0.89
ISMMS01	2	73293212	74514003	41	1	1	0	2.01	0.89
ISMMS01	2	74514246	172102574	1144	2	1	1	2.01	0.89
ISMMS01	2	172376270	173210021	22	1	1	0	2.01	0.89
ISMMS01	2	173217141	242119940	1257	2	1	1	2.01	0.89
ISMMS01	3	197618	12749862	130	2	1	1	2.01	0.89
ISMMS01	3	12769266	13819456	42	1	1	0	2.01	0.89
ISMMS01	3	13854309	14178595	24	2	1	1	2.01	0.89
ISMMS01	3	14178872	47381060	475	2	1	1	2.01	0.89
ISMMS01	3	47381213	51718337	133	2	1	1	2.01	0.89
ISMMS01	3	51778696	52840430	100	1	1	0	2.01	0.89
ISMMS01	3	52840737	121931632	622	2	1	1	2.01	0.89
ISMMS01	3	121931752	123067372	50	1	1	0	2.01	0.89
ISMMS01	3	123088013	125816198	81	2	1	1	2.01	0.89
ISMMS01	3	125816291	128052158	19	1	1	0	2.01	0.89
ISMMS01	3	128052605	132243858	132	2	1	1	2.01	0.89
ISMMS01	3	132244047	134651173	52	1	1	0	2.01	0.89
ISMMS01	3	134795620	169381589	319	2	1	1	2.01	0.89
ISMMS01	3	170495476	197960622	409	2	1	1	2.01	0.89
ISMMS01	4	53100	49109752	678	2	1	1	2.01	0.89
ISMMS01	4	49233489	60922771	98	2	1	1	2.01	0.89
ISMMS01	4	60922860	70597025	137	2	1	1	2.01	0.89
ISMMS01	4	70598406	158171397	869	2	1	1	2.01	0.89
ISMMS01	4	159282785	184001516	159	2	1	1	2.01	0.89
ISMMS01	4	184009204	184911242	37	1	1	0	2.01	0.89
ISMMS01	4	184938351	190179679	76	2	1	1	2.01	0.89
ISMMS01	5	58590	138783264	1319	2	1	1	2.01	0.89
ISMMS01	5	141423009	180902587	750	2	1	1	2.01	0.89
ISMMS01	6	203292	7390207	96	2	1	1	2.01	0.89
ISMMS01	6	7393219	8435495	41	1	1	0	2.01	0.89
ISMMS01	6	10509365	29003630	331	2	1	1	2.01	0.89
ISMMS01	6	29003933	34392419	766	2	1	1	2.01	0.89
ISMMS01	6	34417469	36210080	64	1	1	0	2.01	0.89
ISMMS01	6	36210153	104859593	771	2	1	1	2.01	0.89
ISMMS01	6	104939985	107274099	37	0	0	0	2.01	0.89
ISMMS01	6	107334236	135509097	317	1	1	0	2.01	0.89
ISMMS01	6	137871308	156829219	224	2	1	1	2.01	0.89
ISMMS01	6	156829490	158789726	65	1	1	0	2.01	0.89
ISMMS01	6	158817972	170640200	220	2	1	1	2.01	0.89
ISMMS01	7	193171	6835733	18	5	4	1	2.01	0.89
ISMMS01	7	6866799	159117396	2357	2	1	1	2.01	0.89
ISMMS01	8	213532	141422485	1390	2	1	1	2.01	0.89
ISMMS01	8	141424974	144851330	175	2	1	1	2.01	0.89
ISMMS01	9	12084	21638483	267	2	1	1	2.01	0.89
ISMMS01	9	21695268	35958110	20	5	4	1	2.01	0.89
ISMMS01	9	38395770	88544596	20	5	3	2	2.01	0.89
ISMMS01	9	90742598	127448667	672	2	1	1	2.01	0.89
ISMMS01	9	127449429	138217086	551	2	1	1	2.01	0.89
ISMMS01	10	82758	21759568	299	2	1	1	2.01	0.89
ISMMS01	10	23032945	70844764	526	2	1	1	2.01	0.89
ISMMS01	10	70851010	72566680	69	1	1	0	2.01	0.89
ISMMS01	10	72566936	125167027	870	2	1	1	2.01	0.89
ISMMS01	11	123523	369795	24	2	1	1	2.01	0.89
ISMMS01	11	371961	1267685	191	1	1	0	2.01	0.89
ISMMS01	11	1276585	48217285	791	2	1	1	2.01	0.89
ISMMS01	11	48217551	56740266	97	2	1	1	2.01	0.89
ISMMS01	11	56740474	64954715	250	2	1	1	2.01	0.89
ISMMS01	11	64954923	65967738	62	1	1	0	2.01	0.89
ISMMS01	11	65976426	69088000	169	2	1	1	2.01	0.89
ISMMS01	11	70087819	110826721	556	2	1	1	2.01	0.89
ISMMS01	11	111281435	111857663	22	1	1	0	2.01	0.89
ISMMS01	11	111860630	117918958	130	2	1	1	2.01	0.89
ISMMS01	11	117919050	119728566	52	1	1	0	2.01	0.89
ISMMS01	11	119821566	134388152	291	2	1	1	2.01	0.89
ISMMS01	12	66864	22684997	557	2	1	1	2.01	0.89
ISMMS01	12	23533008	25235382	26	1	1	0	2.01	0.89
ISMMS01	12	26339386	27420487	27	1	1	0	2.01	0.89
ISMMS01	12	27470609	30455054	33	2	1	1	2.01	0.89
ISMMS01	12	30519272	32878414	86	1	1	0	2.01	0.89
ISMMS01	12	39190606	41194322	46	1	1	0	2.01	0.89
ISMMS01	12	41437991	47702903	49	2	1	1	2.01	0.89
ISMMS01	12	47710732	62235039	495	2	1	1	2.01	0.89
ISMMS01	12	62235416	66804344	67	2	1	1	2.01	0.89
ISMMS01	12	68913788	133234294	1039	2	1	1	2.01	0.89
ISMMS01	13	19026335	114325244	905	2	1	1	2.01	0.89
ISMMS01	14	19097620	29725715	339	2	1	1	2.01	0.89
ISMMS01	14	29927305	62084359	298	2	1	1	2.01	0.89
ISMMS01	14	63909185	65006478	49	1	1	0	2.01	0.89
ISMMS01	14	65012307	104684246	708	2	1	1	2.01	0.89
ISMMS01	14	104701361	105149367	47	1	1	0	2.01	0.89
ISMMS01	14	105149517	105708812	34	0	0	0	2.01	0.89
ISMMS01	14	106117275	106875166	63	2	1	1	2.01	0.89
ISMMS01	15	20003745	30224881	122	2	1	1	2.01	0.89
ISMMS01	15	30362830	32436165	32	1	1	0	2.01	0.89
ISMMS01	15	32437585	40370807	159	2	1	1	2.01	0.89
ISMMS01	15	40382819	42472431	123	1	1	0	2.01	0.89
ISMMS01	15	42511894	83284484	781	2	1	1	2.01	0.89
ISMMS01	15	83447437	86143849	47	1	1	0	2.01	0.89
ISMMS01	15	86154365	101922654	328	2	1	1	2.01	0.89
ISMMS01	16	60578	11350859	512	2	1	1	2.01	0.89
ISMMS01	16	11380893	12568438	42	1	1	0	2.01	0.89
ISMMS01	16	12568522	35255812	370	2	1	1	2.01	0.89
ISMMS01	16	70299526	70761121	27	2	1	1	2.01	0.89
ISMMS01	16	81112274	88725730	243	2	1	1	2.01	0.89
ISMMS01	16	88725879	89669184	50	1	1	0	2.01	0.89
ISMMS01	16	89669515	89980452	58	2	1	1	2.01	0.89
ISMMS01	17	156282	31169995	1108	2	1	1	2.01	0.89
ISMMS01	17	31181540	33292105	43	1	1	0	2.01	0.89
ISMMS01	17	34037703	39792797	211	2	1	1	2.01	0.89
ISMMS01	17	39793092	40867259	68	1	1	0	2.01	0.89
ISMMS01	17	40876143	53825225	494	2	1	1	2.01	0.89
ISMMS01	17	53952879	73358276	297	2	1	1	2.01	0.89
ISMMS01	17	73361699	75847857	178	2	1	1	2.01	0.89
ISMMS01	17	75848115	76401002	26	1	1	0	2.01	0.89
ISMMS01	17	76401295	76873131	23	0	0	0	2.01	0.89
ISMMS01	17	76881988	77882511	19	1	1	0	2.01	0.89
ISMMS01	17	78049188	81194195	262	2	1	1	2.01	0.89
ISMMS01	18	47486	77527332	712	2	1	1	2.01	0.89
ISMMS01	19	107381	694954	59	2	1	1	2.01	0.89
ISMMS01	19	695454	1511932	145	1	1	0	2.01	0.89
ISMMS01	19	1526828	8586942	524	2	1	1	2.01	0.89
ISMMS01	19	8587068	41206222	1386	2	1	1	2.01	0.89
ISMMS01	19	41206450	41586503	20	2	1	1	2.01	0.89
ISMMS01	19	41599981	42655355	19	1	1	0	2.01	0.89
ISMMS01	19	42661592	58572803	1487	2	1	1	2.01	0.89
ISMMS01	20	87696	4862882	159	2	1	1	2.01	0.89
ISMMS01	20	4867755	6428215	55	1	1	0	2.01	0.89
ISMMS01	20	6770083	35496817	391	2	1	1	2.01	0.89
ISMMS01	20	35497832	37018571	43	1	1	0	2.01	0.89
ISMMS01	20	37020663	39038279	59	2	1	1	2.01	0.89
ISMMS01	20	39038701	42080917	18	1	1	0	2.01	0.89
ISMMS01	20	42080994	56497610	321	2	1	1	2.01	0.89
ISMMS01	20	56513348	58309075	26	1	1	0	2.01	0.89
ISMMS01	20	58309344	62964371	158	2	1	1	2.01	0.89
ISMMS01	21	9744383	32769700	145	2	1	1	2.01	0.89
ISMMS01	21	32769946	33915968	57	0	0	0	2.01	0.89
ISMMS01	21	34073789	46664534	452	2	1	1	2.01	0.89
ISMMS01	22	16390407	19048644	83	2	1	1	2.01	0.89
ISMMS01	22	19877059	21080979	98	2	1	1	2.01	0.89
ISMMS01	22	21208887	22117614	39	1	1	0	2.01	0.89
ISMMS01	22	22162220	22923074	57	0	0	0	2.01	0.89
ISMMS01	22	22924763	23217196	18	1	1	0	2.01	0.89
ISMMS01	22	23242846	26004726	103	2	1	1	2.01	0.89
ISMMS01	22	26005001	27060271	22	1	1	0	2.01	0.89
ISMMS01	22	29636659	34609066	115	2	1	1	2.01	0.89
ISMMS01	22	36257090	40569439	85	2	1	1	2.01	0.89
ISMMS01	22	40679439	41533956	58	1	1	0	2.01	0.89
ISMMS01	22	41540621	41981881	26	2	1	1	2.01	0.89
